PORTFOLIO OPTIMIZATION BENCHMARK REPORT
Date: 2026-03-31 00:51:57
====================================================================================================

### 1. SUMMARY PERFORMANCE METRICS ###
method_name         expected_return  volatility  sharpe_ratio
Markowitz_Baseline 0.644755         0.494556    1.303704     

====================================================================================================

### 2. DETAILED BREAKDOWN & CONFIGURATION ###

METHOD: Markowitz_Baseline
------------------
Final Weights:
  - GOOGL: 6.3790%
  - NVDA: 93.6210%

Algorithm Configuration:
  - mu: Ticker
AAPL     0.162691
ADBE    -0.122789
AMZN     0.058608
CRM     -0.022562
GOOGL    0.220964
INTC    -0.065424
META     0.135051
MSFT     0.102757
NVDA     0.673630
ORCL     0.162137
dtype: float64
  - covariance: Ticker      AAPL      ADBE      AMZN       CRM     GOOGL      INTC      META      MSFT      NVDA      ORCL
Ticker                                                                                                    
AAPL    0.075309  0.047919  0.052926  0.044241  0.048346  0.046797  0.056854  0.043081  0.071838  0.030988
ADBE    0.047919  0.126380  0.065117  0.079292  0.053155  0.044525  0.069984  0.054446  0.088590  0.043097
AMZN    0.052926  0.065117  0.124591  0.068142  0.067130  0.060021  0.091485  0.058744  0.099525  0.044416
CRM     0.044241  0.079292  0.068142  0.129894  0.049609  0.047800  0.069025  0.053257  0.087332  0.044912
GOOGL   0.048346  0.053155  0.067130  0.049609  0.094783  0.048854  0.075020  0.049367  0.083075  0.038200
INTC    0.046797  0.044525  0.060021  0.047800  0.048854  0.232437  0.064645  0.041690  0.092365  0.046880
META    0.056854  0.069984  0.091485  0.069025  0.075020  0.064645  0.190787  0.063858  0.111617  0.047865
MSFT    0.043081  0.054446  0.058744  0.053257  0.049367  0.041690  0.063858  0.068506  0.082816  0.045351
NVDA    0.071838  0.088590  0.099525  0.087332  0.083075  0.092365  0.111617  0.082816  0.267290  0.087455
ORCL    0.030988  0.043097  0.044416  0.044912  0.038200  0.046880  0.047865  0.045351  0.087455  0.159522

Final Sharpe: 1.303704

**************************************************

